$ANSIBLE_VAULT;1.1;AES256
66366662616633306131316666333338376635383738353435663464336137383065633463666338
3164326135616237633132346330613161393339343334300a393261323236323839363537653365
35396636353134643735343664393161393666353233346639373965383061666533303063363430
6438636633343438630a303465336665356337326335343638616161663066376162323136383061
33323535326661633666383763653832313639386432386262333464613161653337343435363864
63393465636536633934393039393030623430663631326135323038616330616334343535623165
33633131613264613035336234303164373164306238656163623933613239323831656161363361
65333734303937623437386338393165616235623337383036633833346661353063376166623434
38646433386266306365303461306337656431306137666162353535373463623334386230356533
64666262623566363239303637386430613638303532316161663761313662343165623835393764
65313464356231336135643361666338313632363234343639343839343730613533373032393665
62366432666232643164313035336633353165613065636536333632313832616533633835353331
31663735663034613165633336633430633334376134663039386261636436326361393938376266
30393430666534626264356661343834353161376532643937613665366136313861316666333966
36393361656461336539313266626235636133323437386632666164626630656331393364623335
64333831326163643632666533623731373563386466353132666631633137323639636264326164
63366139303633663830633066316362353431353237393438396331626530613161393864626162
61353433613038653339646361363435656361316632313939316136623131643934383436663265
62356535616433626465636237626134633237333661333832643738366139366166333565623361
39323633666138336566313862663338323236306336306631636135303435653761663930366237
31343338306561363536653432353965636636386338636532643339623463666665333465396538
62373136356534623839353361343936643733343264653062323139626333633366316135363431
63303033333762613233383031336439303435373666653831653238613838663433653936653538
31373430623737653038323866366466316638376239366464333433643637353934303165633434
66346437306463663332343130386262336365336262336237636531366666633138333934373366
64663037323136653662663836363332323563363564666564666437383535346162303939646366
33323038313063346135306666663162363533633964326266306637663936386637333233353632
37376666383863636564626566623438326538626164613532376431656262326638666138346663
31636462373236653666613765356132636235343135376266383162393134336164636534303634
32323666336364633939353935623261323639336332313861663962343664376564356539373934
31376564656164643634636330393037343238303235646230373934666336353563393862646432
66353937323866623263383265663035333937333332373634646464313162343466323336626361
61626237613535653931376431396339363066366165623436353039343535636264653365633561
62393861613465613661313439613939383238633764336630643231636666633030643339306132
38356130626137356331306135366337303934343366653661626561353762623139333764386134
39623465626532666431386466383134636638346138666262356437376465643730633735333639
65373061626232623632326637383932363662383736356338313765366566303364313531396439
38356430626134613837376537383532623431613361643337326563323536626630336261386233
32376365363163313833663833646662616264653235383765306461306266656139613962663134
33623862633765373235666334656233636266306563653239396235656636633466643834376662
37306365623732336461616630313761636138646335333530623362636333623833613733643138
36666461303862653330376438363866643665393439376139643239383962396336383165613332
65326234356339643634353063373136656239313864336132336236346665623630656661373864
39323337396232623839363364323864646132373436333561396665623838313138636264396239
66323831656232616563656666363738346435356262663032633764393561353566303239386365
33623065616164626533623634303863613465353735346130636663303930383536636561373338
62663963646662653766613335663634376365363636333361663166613033643763663136353932
30383030323330373934303266623237373131633139663666336233643233643335623934656335
6236
